# Fichier sauvegarde Bug's life
#
# evaluation de performance cout calcul
#

# Nb fourmilieres
10

  # Fourmiliere[0]
    -18.000000 -18.000000 10 6 100 5.5
		1 -18. -18. -18. -18. 0
		1 -18. -18. -18. -18. 0
		1 -18. -18. -18. -18. 0
		1 -18. -18. -18. -18. 0
		1 -18. -18. -18. -18. 0
		1 -18. -18. -18. -18. 0
		1 -18. -18. -18. -18. 0
		1 -18. -18. -18. -18. 0
		1 -18. -18. -18. -18. 0
		1 -18. -18. -18. -18. 0
	FIN_LISTE
		1 -18. -18. 1 -18. -18. 1 -18. -18. 1 -18. -18. 1 -18. -18. 1 -18. -18.  
	FIN_LISTE
	
  # Fourmiliere[1]
    -3.000000 0.000000 0 0 1 2
	
  # Fourmiliere[2]
    3.000000 0.000000 0 0 1 2

  # Fourmiliere[3]
    10.000000 10.000000 10 6 100 5.5
		1 10. 10. 10. 10. 0 
		1 10. 10. 10. 10. 0 
		1 10. 10. 10. 10. 0 
		1 10. 10. 10. 10. 0 
		1 10. 10. 10. 10. 0 
		1 10. 10. 10. 10. 0 
		1 10. 10. 10. 10. 0 
		1 10. 10. 10. 10. 0 
		1 10. 10. 10. 10. 0 
		1 10. 10. 10. 10. 0 
	FIN_LISTE
		1 10. 10.   1 10. 10. 1 10. 10. 1 10. 10. 1 10. 10. 1 10. 10. 
	FIN_LISTE

  # Fourmiliere[4]
    -10.000000 10.000000 10 6 100 5.5
		1 -10. 10. -10. 10. 0 
		1 -10. 10. -10. 10. 0 
		1 -10. 10. -10. 10. 0 
		1 -10. 10. -10. 10. 0 
		1 -10. 10. -10. 10. 0 
		1 -10. 10. -10. 10. 0 
		1 -10. 10. -10. 10. 0 
		1 -10. 10. -10. 10. 0 
		1 -10. 10. -10. 10. 0 
		1 -10. 10. -10. 10. 0 
	FIN_LISTE
		1 -10. 10. 1 -10. 10. 1 -10. 10. 1 -10. 10. 1 -10. 10. 1 -10. 10. 
	FIN_LISTE

  # Fourmiliere[5]
    10.000000 -10.000000 10 6 100 5.5
		1 10. -10. 10. -10. 0 
		1 10. -10. 10. -10. 0 
		1 10. -10. 10. -10. 0 
		1 10. -10. 10. -10. 0 
		1 10. -10. 10. -10. 0 
		1 10. -10. 10. -10. 0 
		1 10. -10. 10. -10. 0 
		1 10. -10. 10. -10. 0 
		1 10. -10. 10. -10. 0 
		1 10. -10. 10. -10. 0 
	FIN_LISTE
		1 10. -10. 1 10. -10. 1 10. -10. 1 10.-10. 1 10. -10. 1 10. -10. 
	FIN_LISTE

  # Fourmiliere[6]
    -10.000000 -10.000000 10 6 100 5.5
		1 -10. -10. -10. -10. 0 
		1 -10. -10. -10. -10. 0 
		1 -10. -10. -10. -10. 0 
		1 -10. -10. -10. -10. 0 
		1 -10. -10. -10. -10. 0 
		1 -10. -10. -10. -10. 0 
		1 -10. -10. -10. -10. 0 
		1 -10. -10. -10. -10. 0 
		1 -10. -10. -10. -10. 0 
		1 -10. -10. -10. -10. 0 
	FIN_LISTE
		1 -10. -10.   1 -10. -10. 1 -10. -10. 1 -10.-10. 1 -10. -10. 1 -10. -10. 
	FIN_LISTE

  # Fourmiliere[7]
    -18.000000 18.000000 10 6 100 5.5
		1 -18. 18. -18. 18. 0
		1 -18. 18. -18. 18. 0
		1 -18. 18. -18. 18. 0
		1 -18. 18. -18. 18. 0
		1 -18. 18. -18. 18. 0
		1 -18. 18. -18. 18. 0
		1 -18. 18. -18. 18. 0
		1 -18. 18. -18. 18. 0
		1 -18. 18. -18. 18. 0
		1 -18. 18. -18. 18. 0
	FIN_LISTE
		1 -18. 18. 1 -18. 18. 1 -18. 18. 1 -18. 18. 1 -18. 18. 1 -18. 18.  
	FIN_LISTE
	
   # Fourmiliere[8]
    18.000000 -18.000000 10 6 100 5,5
		1 18. -18. 18. -18. 0
		1 18. -18. 18. -18. 0
		1 18. -18. 18. -18. 0
		1 18. -18. 18. -18. 0
		1 18. -18. 18. -18. 0
		1 18. -18. 18. -18. 0
		1 18. -18. 18. -18. 0
		1 18. -18. 18. -18. 0
		1 18. -18. 18. -18. 0
		1 18. -18. 18. -18. 0
	FIN_LISTE
		1 18. -18. 1 18. -18. 1 18. -18. 1 18. -18. 1 18. -18. 1 18. -18.  
	FIN_LISTE
	
  # Fourmiliere[9]
    18.000000 18.000000 10 6 100 5,5
		1 18. 18. 18. 18. 0
		1 18. 18. 18. 18. 0
		1 18. 18. 18. 18. 0
		1 18. 18. 18. 18. 0
		1 18. 18. 18. 18. 0
		1 18. 18. 18. 18. 0
		1 18. 18. 18. 18. 0
		1 18. 18. 18. 18. 0
		1 18. 18. 18. 18. 0
		1 18. 18. 18. 18. 0
	FIN_LISTE
		1 18. 18. 1 18. 18. 1 18. 18. 1 18. 18. 1 18. 18. 1 18. 18.  
	FIN_LISTE
	
FIN_LISTE

# Nb nourritures
0
    
